6045781142882173|12|2026|359
6045781142753556|10|2025|330
6045781142873727|06|2024|521
6045781142603512|03|2027|685
6045781142612588|02|2028|037
6045781142852127|12|2032|441
6045781142087831|01|2024|971
6045781142046647|03|2032|259
6045781142803112|09|2029|581
6045781142480010|09|2027|660
6045781142330058|07|2028|243
6045781142584373|03|2026|945
6045781142173672|11|2030|551
6045781142117430|06|2028|778
6045781142660330|10|2024|025
6045781142221851|12|2024|979
6045781142287126|02|2026|911
6045781142111151|01|2025|555
6045781142740223|10|2032|562
6045781142125037|12|2029|957
6045781142736262|02|2024|091
6045781142568137|07|2028|286
6045781142285674|09|2028|516
6045781142788057|04|2026|942
6045781142305621|10|2025|618
6045781142440600|01|2026|795
6045781142413516|02|2029|462
6045781142664563|05|2029|694
6045781142880524|09|2024|914
6045781142302255|07|2024|531
6045781142415024|07|2032|353
6045781142537074|09|2029|981
6045781142730562|04|2027|016
6045781142457810|04|2026|840
6045781142612760|09|2026|496
6045781142468460|11|2026|067
6045781142445138|03|2032|149
6045781142182285|04|2029|279
6045781142178564|06|2030|099
6045781142470276|04|2032|584
6045781142170546|02|2025|762
6045781142632362|03|2024|851
6045781142745370|07|2025|267
6045781142700110|02|2024|451
6045781142474054|10|2032|434
6045781142688216|04|2032|937
6045781142352276|12|2029|008
6045781142160422|04|2030|702
6045781142362606|08|2028|159
6045781142040483|07|2026|722
6045781142357085|08|2027|908
6045781142173250|07|2024|122
6045781142826436|09|2030|213
6045781142327773|11|2024|157
6045781142774180|10|2029|460
6045781142150001|07|2025|268
6045781142814580|07|2031|187
6045781142141083|06|2032|077
6045781142313310|03|2026|630
6045781142201713|05|2024|814
6045781142127868|05|2025|087
6045781142541274|02|2028|483
6045781142257384|05|2025|077
6045781142686467|06|2032|501
6045781142168458|09|2031|846
6045781142440550|10|2028|994
6045781142470862|08|2032|544
6045781142088730|03|2032|610
6045781142405132|01|2029|980
6045781142372373|11|2031|895
6045781142136836|05|2030|046
6045781142528222|03|2030|602
6045781142714657|06|2031|159
6045781142605046|10|2029|144
6045781142608446|05|2030|065
6045781142302156|07|2024|407
6045781142152064|04|2031|768
6045781142224442|04|2027|740
6045781142378875|07|2031|987
6045781142780377|06|2030|302
6045781142118156|07|2030|603
6045781142018687|10|2027|819
6045781142035566|02|2031|531
6045781142356210|01|2032|738
6045781142571453|04|2025|934
6045781142185155|06|2030|241
6045781142035111|05|2031|387
6045781142153401|02|2027|098
6045781142213502|05|2030|964
6045781142766061|05|2031|354
6045781142134567|09|2029|363
6045781142780468|07|2031|543
6045781142345122|12|2032|844
6045781142743821|02|2032|830
6045781142280782|10|2029|500
6045781142438620|10|2029|247
6045781142458438|08|2025|154
6045781142414035|02|2031|146
6045781142613164|11|2024|448
6045781142161131|12|2027|339
6045781142110278|05|2032|723
6045781142238277|02|2032|277
6045781142118602|06|2029|051
6045781142435048|05|2029|754
6045781142501047|03|2026|329
6045781142506822|02|2027|967
6045781142656650|06|2029|681
6045781142035426|05|2025|453
6045781142684272|01|2026|551
6045781142544278|03|2027|819
6045781142723138|10|2032|875
6045781142113363|03|2025|184
6045781142872000|12|2031|225
6045781142262541|04|2030|254
6045781142440048|01|2024|812
6045781142081065|11|2026|824
6045781142033504|11|2030|867
6045781142084366|04|2028|365
6045781142417137|06|2027|105
6045781142424117|06|2027|566
6045781142026326|01|2025|258
6045781142201853|02|2026|501
6045781142008340|07|2028|652
6045781142671071|08|2027|348
6045781142444271|12|2024|905
6045781142600732|07|2027|831
6045781142873412|06|2028|236
6045781142771541|07|2031|929
6045781142004562|07|2024|537
6045781142632248|03|2025|374
6045781142183481|04|2026|730
6045781142277655|09|2027|311
6045781142447456|02|2026|378
6045781142700060|07|2032|195
6045781142437580|05|2024|863
6045781142075471|06|2026|310
6045781142751626|12|2025|697
6045781142312577|02|2025|896
6045781142806453|02|2024|384
6045781142831444|04|2031|018
6045781142637536|10|2025|185
6045781142222321|05|2031|616
6045781142682417|07|2026|222
6045781142022564|09|2030|361
6045781142255032|08|2027|732
6045781142346682|04|2031|309
6045781142117406|04|2025|816
6045781142655603|04|2026|389
6045781142112258|04|2025|526
6045781142272383|12|2024|984
6045781142363885|07|2027|540
6045781142217677|11|2030|612
6045781142812733|03|2026|927
6045781142281038|08|2027|730
6045781142362044|01|2030|327
6045781142732402|01|2026|768
6045781142875086|04|2028|056
6045781142864221|01|2031|119
6045781142042141|01|2024|063
6045781142456242|06|2024|856
6045781142568160|05|2027|228
6045781142225225|04|2026|322
6045781142420248|06|2029|633
6045781142628873|02|2026|788
6045781142101103|03|2031|080
6045781142388684|07|2031|142
6045781142250728|04|2024|840
6045781142035202|09|2027|508
6045781142432268|10|2029|620
6045781142830107|06|2026|844
6045781142716207|07|2024|073
6045781142215705|08|2030|979
6045781142872885|03|2024|682
6045781142644375|04|2026|965
6045781142527810|11|2028|174
6045781142015550|12|2030|477
6045781142654416|10|2027|688
6045781142265460|12|2029|898
6045781142463800|02|2029|661
6045781142813384|08|2029|265
6045781142318350|09|2027|131
6045781142773125|11|2024|033
6045781142400463|11|2025|136
6045781142433811|01|2026|896
6045781142425015|06|2029|069
6045781142444164|12|2029|066
6045781142238822|06|2029|999
6045781142785624|12|2026|440
6045781142503514|07|2024|275
6045781142748572|03|2030|065
6045781142575785|11|2027|472
6045781142608057|12|2024|907
6045781142341758|06|2026|953
6045781142444503|07|2028|954
6045781142872307|09|2024|908
6045781142023612|06|2028|134
6045781142081370|01|2027|428
6045781142501716|11|2029|109
6045781142657708|11|2027|307
6045781142821684|01|2032|124
6045781142744464|06|2032|084
6045781142440816|10|2031|630
6045781142563633|03|2026|669
6045781142215184|12|2032|821
6045781142188258|06|2026|348
6045781142657732|09|2030|542
6045781142682714|07|2029|510
6045781142345478|04|2027|959
6045781142706273|12|2032|391
6045781142853745|10|2027|819
6045781142718161|11|2024|451
6045781142207140|07|2032|551
6045781142704245|07|2030|625
6045781142182616|07|2029|306
6045781142227155|04|2026|380
6045781142436806|03|2029|511
6045781142656262|04|2030|430
6045781142455434|03|2024|506
6045781142221232|07|2031|101
6045781142556140|09|2025|397
6045781142748234|09|2024|500
6045781142565075|08|2025|056
6045781142353837|10|2031|117
6045781142315026|04|2027|035
6045781142601722|06|2032|809
6045781142343275|11|2025|190
6045781142078731|06|2030|690
6045781142845154|06|2025|739
6045781142575850|09|2027|111
6045781142601185|07|2030|708
6045781142144517|08|2025|096
6045781142174480|12|2026|586
6045781142753564|05|2029|521
6045781142706521|05|2025|273
6045781142451771|11|2028|114
6045781142417574|08|2028|323
6045781142080224|01|2032|161
6045781142658466|05|2026|782
6045781142750685|11|2028|110
6045781142577310|07|2028|385
6045781142384774|11|2025|981
6045781142870426|01|2025|172
6045781142801546|12|2026|353
6045781142446615|05|2024|762
6045781142864478|10|2025|599
6045781142317766|06|2030|051
6045781142021673|09|2031|692
6045781142160083|12|2029|320
6045781142127744|10|2026|683
6045781142012748|07|2030|891
6045781142377521|07|2032|284
6045781142608313|11|2024|980
6045781142657344|10|2031|870
6045781142542637|11|2026|341
6045781142208403|03|2032|348
6045781142152148|09|2030|956
6045781142846806|11|2029|425
6045781142577567|09|2027|767
6045781142513505|04|2026|657
6045781142253540|12|2028|140
6045781142678506|05|2031|261
6045781142671568|10|2025|318
6045781142400562|01|2028|376
6045781142078335|03|2029|461
6045781142440840|06|2030|999
6045781142513414|03|2030|451
6045781142783363|10|2024|916
6045781142523033|06|2030|226
6045781142542686|02|2031|752
6045781142018570|10|2032|625
6045781142183424|02|2028|321
6045781142614154|04|2024|236
6045781142385870|05|2027|394
6045781142506582|02|2028|379
6045781142353225|01|2031|538
6045781142630366|12|2025|061
6045781142134740|06|2032|315
6045781142613511|07|2027|681
6045781142143428|04|2031|001
6045781142848067|02|2030|687
6045781142521615|12|2031|302
6045781142147460|10|2031|581
6045781142015014|12|2031|529
6045781142887081|09|2024|184
6045781142860013|09|2031|971
6045781142743607|01|2026|880
6045781142643278|12|2026|434
6045781142558880|05|2024|588
6045781142565836|03|2028|848
6045781142566842|04|2029|964
6045781142736031|10|2027|930
6045781142385805|05|2025|657
6045781142045227|08|2025|116
6045781142188456|11|2030|176
6045781142468684|05|2027|474
6045781142154045|06|2027|988
6045781142808723|11|2024|479
6045781142765352|06|2029|753
6045781142264455|02|2024|683
6045781142310506|08|2031|975
6045781142671618|05|2029|972
6045781142586253|12|2030|653
6045781142775666|09|2032|911
6045781142051258|06|2024|247
6045781142416220|11|2025|601
6045781142235463|10|2026|937
6045781142828465|12|2026|541
6045781142848430|04|2026|626
6045781142202364|07|2029|942
6045781142304442|05|2028|171
6045781142125284|03|2025|328
6045781142047652|10|2025|724
6045781142368413|01|2025|085
6045781142514107|05|2031|562
6045781142467827|07|2032|515
6045781142587426|06|2027|652
6045781142243541|06|2025|193
6045781142261378|10|2029|948
6045781142647154|05|2027|223
6045781142030641|11|2025|064
6045781142148203|06|2025|377
6045781142032373|02|2027|930
6045781142714475|04|2029|127
6045781142306025|09|2030|034
6045781142834836|04|2030|989
6045781142311124|06|2026|705
6045781142622330|04|2025|535
6045781142880201|06|2030|178
6045781142414845|10|2030|585
6045781142135531|11|2028|357
6045781142531572|10|2029|992
6045781142001550|03|2031|193
6045781142400604|12|2026|199
6045781142613156|04|2032|851
6045781142525871|02|2030|665
6045781142187672|11|2029|747
6045781142504868|05|2025|655
6045781142667822|01|2026|267
6045781142866762|09|2031|891
6045781142200780|10|2031|002
6045781142685071|12|2027|948
6045781142716116|01|2026|144
6045781142355600|10|2030|464
6045781142840346|10|2026|962
6045781142246163|05|2028|234
6045781142205888|02|2027|211
6045781142338408|06|2031|130
6045781142552032|01|2024|771
6045781142418747|09|2025|308
6045781142303048|12|2031|342
6045781142642338|05|2029|592
6045781142787752|01|2030|083
6045781142721033|06|2026|258
6045781142355170|11|2025|221
6045781142666865|04|2026|341
6045781142700011|05|2031|089
6045781142455541|02|2024|566
6045781142327328|03|2026|879
6045781142323558|09|2030|321
6045781142165801|02|2030|917
6045781142887131|07|2024|233
6045781142120210|11|2032|794
6045781142227106|07|2026|522
6045781142011625|01|2025|786
6045781142325454|04|2032|279
6045781142181006|11|2031|776
6045781142406262|08|2026|930
6045781142612455|02|2026|221
6045781142855104|12|2024|142
6045781142174472|07|2025|892
6045781142855211|07|2032|211
6045781142787810|11|2031|665
6045781142207801|06|2027|952
6045781142230225|08|2031|572
6045781142222107|02|2025|719
6045781142645273|10|2030|997
6045781142762458|07|2027|044
6045781142245033|03|2027|129
6045781142427425|07|2028|677
6045781142454361|02|2025|816
6045781142484046|03|2027|550
6045781142756815|07|2031|186
6045781142257426|09|2026|827
6045781142874527|06|2025|535
6045781142032027|07|2024|206
6045781142873388|06|2030|541
6045781142582500|10|2028|222
6045781142744613|12|2028|287
6045781142510055|08|2026|978
6045781142435527|07|2024|248
6045781142126274|03|2024|954
6045781142331262|09|2028|129
6045781142274611|05|2031|218
6045781142144673|01|2031|405
6045781142038735|03|2027|915
6045781142520120|07|2028|280
6045781142471316|12|2028|182
6045781142865020|04|2030|557
6045781142370815|02|2028|913
6045781142111177|10|2032|193
6045781142448538|01|2026|708
6045781142174464|08|2026|181
6045781142318483|09|2028|900
6045781142678084|04|2024|075
6045781142684108|04|2025|603
6045781142450575|04|2029|297
6045781142581353|11|2026|640
6045781142721827|11|2027|110
6045781142330504|04|2025|737
6045781142184885|09|2027|919
6045781142633824|01|2029|052
6045781142658862|04|2031|400
6045781142071504|07|2029|050
6045781142526200|06|2024|225
6045781142726578|04|2026|194
6045781142155653|05|2032|211
6045781142634541|06|2025|328
6045781142887347|06|2025|127
6045781142088425|05|2025|465
6045781142163301|10|2026|627
6045781142637148|06|2025|996
6045781142707115|01|2032|892
6045781142365864|03|2028|652
6045781142717650|10|2027|571
6045781142683662|08|2025|602
6045781142512267|07|2032|951
6045781142810638|07|2029|680
6045781142520146|01|2025|351
6045781142612141|08|2032|044
6045781142866572|05|2024|405
6045781142881332|02|2026|814
6045781142388577|10|2024|126
6045781142127231|12|2024|754
6045781142485571|03|2027|435
6045781142256881|07|2024|325
6045781142043412|06|2027|035
6045781142440725|06|2031|395
6045781142824308|01|2032|356
6045781142608263|03|2027|075
6045781142102077|06|2028|068
6045781142275675|08|2032|901
6045781142045045|02|2028|722
6045781142788776|12|2031|548
6045781142374221|02|2026|611
6045781142643831|01|2024|479
6045781142837573|01|2032|723
6045781142612208|01|2028|398
6045781142000552|03|2025|376
6045781142400455|07|2029|431
6045781142334308|02|2032|272
6045781142542173|12|2024|363
6045781142715225|04|2024|005
6045781142512424|09|2025|951
6045781142517753|08|2030|080
6045781142363224|07|2032|853
6045781142403582|02|2029|251
6045781142438802|05|2027|745
6045781142742732|11|2024|181
6045781142543775|02|2029|950
6045781142644615|03|2027|942
6045781142436244|10|2027|136
6045781142338572|09|2027|998
6045781142684405|04|2029|869
6045781142851566|05|2027|278
6045781142164788|01|2025|070
6045781142784270|06|2032|909
6045781142065100|10|2025|530
6045781142314326|11|2031|293
6045781142706620|10|2030|571
6045781142845436|09|2032|392
6045781142503043|06|2031|821
6045781142464766|10|2024|645
6045781142002483|05|2031|121
6045781142810356|02|2032|452
6045781142515807|08|2026|885
6045781142872778|05|2029|811
6045781142032787|05|2028|495
6045781142843266|05|2030|889
6045781142453140|10|2032|202
6045781142204485|06|2026|719
6045781142446557|08|2027|706
6045781142118123|05|2032|816
6045781142435162|08|2032|600
6045781142644045|03|2031|576
6045781142146587|12|2026|037
6045781142240554|06|2027|970
6045781142727378|06|2031|845
6045781142532018|01|2028|090
6045781142586410|07|2027|855
6045781142503332|02|2025|083
6045781142587137|05|2028|940
6045781142306157|10|2029|584
6045781142756252|07|2027|091
6045781142468015|12|2032|865
6045781142828481|08|2031|019
6045781142815587|09|2029|372
6045781142134252|11|2032|507
6045781142738516|05|2029|391
6045781142781128|05|2027|148
6045781142427128|09|2030|585
6045781142481273|03|2029|947
6045781142170363|09|2027|178
6045781142325645|09|2025|121
6045781142474203|02|2026|660
6045781142083053|06|2030|154
6045781142387082|05|2029|476
6045781142047728|01|2025|018
6045781142835320|01|2032|301
6045781142404200|05|2030|221
6045781142515740|12|2032|357
6045781142341550|03|2028|148
6045781142452266|10|2028|806
6045781142745552|12|2031|050
6045781142833507|10|2031|983
6045781142348860|04|2026|821
6045781142784361|03|2026|017
6045781142513570|11|2024|439
6045781142408201|02|2030|273
6045781142361111|05|2024|378
6045781142317121|12|2024|922
6045781142756278|07|2029|034
6045781142082485|12|2027|083
6045781142661031|10|2027|509
6045781142711653|02|2024|581
6045781142158715|05|2028|314
6045781142288751|02|2026|578
6045781142662401|04|2024|086
6045781142614360|04|2030|019
6045781142046811|07|2026|061
6045781142146603|01|2030|441
6045781142677615|03|2030|263
6045781142647758|04|2025|355
6045781142503175|02|2030|324
6045781142465482|12|2030|913
6045781142704542|01|2029|705
6045781142616373|07|2024|830
6045781142825602|10|2028|747
6045781142486678|07|2026|723
6045781142628576|08|2026|938
6045781142446334|07|2024|567
6045781142117158|01|2024|371
6045781142386365|05|2030|677
6045781142763068|03|2029|171
6045781142615813|11|2026|367
6045781142370724|02|2030|060
6045781142361178|09|2025|228
6045781142070852|08|2030|486
6045781142870335|01|2026|435
6045781142180081|08|2024|726
6045781142081867|03|2030|882
6045781142801462|06|2028|419
6045781142347060|01|2029|303
6045781142517613|12|2030|422
6045781142422632|01|2025|532
6045781142253151|11|2030|874
6045781142466043|11|2025|136
6045781142017705|09|2031|898
6045781142252088|09|2032|387
6045781142242444|04|2030|212
6045781142170652|08|2032|880
6045781142561637|04|2025|259
6045781142612232|06|2024|292
6045781142111003|12|2024|507
6045781142185585|01|2032|429
6045781142336725|05|2026|126
6045781142350411|11|2026|339
6045781142711075|02|2024|768
6045781142164101|12|2029|361
6045781142248318|08|2029|211
6045781142304012|03|2030|849
6045781142041721|03|2027|438
6045781142807618|05|2029|082
6045781142247708|12|2028|588
6045781142551844|05|2027|123
6045781142523280|09|2029|500
6045781142276343|06|2028|455
6045781142331452|04|2024|102
6045781142155117|03|2024|435
6045781142205631|05|2030|836
6045781142647873|12|2026|743
6045781142883882|09|2024|602
6045781142865517|06|2030|978
6045781142477123|06|2030|796
6045781142733277|12|2024|601
6045781142016137|08|2024|732
6045781142718351|09|2030|307
6045781142501070|10|2028|624
6045781142374205|07|2025|371
6045781142722353|01|2029|057
6045781142353522|02|2029|340
6045781142804458|09|2026|108
6045781142070050|03|2032|482
6045781142522084|04|2031|829
6045781142087344|10|2025|649
6045781142586113|08|2028|378
6045781142805125|05|2029|595
6045781142602654|08|2032|278
6045781142516615|04|2028|527
6045781142846053|06|2024|048
6045781142218840|10|2026|621
6045781142861441|12|2031|135
6045781142200152|08|2029|036
6045781142560357|02|2031|827
6045781142078814|02|2030|249
6045781142235554|07|2028|338
6045781142402030|11|2032|720
6045781142184174|02|2031|394
6045781142240224|08|2032|717
6045781142260818|08|2026|602
6045781142126084|10|2029|931
6045781142047785|11|2025|348
6045781142344026|01|2025|751
6045781142500874|04|2026|986
6045781142862712|06|2032|150
6045781142402162|08|2029|823
6045781142875078|06|2031|469
6045781142804367|05|2031|375
6045781142832541|08|2032|213
6045781142368215|07|2029|509
6045781142277341|09|2032|138
6045781142235661|10|2032|673
6045781142602407|12|2030|260
6045781142272334|01|2025|426
6045781142720381|04|2030|125
6045781142182012|06|2027|176
6045781142244325|04|2032|159
6045781142570844|01|2031|371
6045781142517365|10|2030|734
6045781142662658|10|2027|509
6045781142010726|09|2025|081
6045781142264232|06|2024|612
6045781142767325|12|2032|413
6045781142744001|04|2032|505
6045781142844637|03|2030|864
6045781142084713|08|2027|824
6045781142440873|01|2027|975
6045781142037323|05|2025|450
6045781142100717|10|2026|881
6045781142184604|08|2025|246
6045781142442150|10|2029|554
6045781142410470|12|2025|261
6045781142151108|01|2031|066
6045781142036101|11|2029|190
6045781142626224|10|2028|247
6045781142426203|09|2027|117
6045781142418267|10|2024|181
6045781142802171|08|2024|723
6045781142412260|02|2031|887
6045781142781888|05|2032|563
6045781142873875|05|2029|588
6045781142536183|08|2024|125
6045781142784825|06|2029|799
6045781142480838|06|2032|671
6045781142265668|05|2030|169
6045781142757326|02|2027|965
6045781142751857|03|2027|029
6045781142816858|03|2032|146
6045781142338440|07|2031|742
6045781142270130|06|2026|661
6045781142175537|08|2032|432
6045781142248532|02|2031|130
6045781142763076|04|2024|819
6045781142538114|04|2024|410
6045781142733756|10|2028|176
6045781142126027|11|2025|718
6045781142502524|09|2030|151
6045781142604072|06|2028|732
6045781142846665|01|2024|127
6045781142541522|03|2031|062
6045781142856151|10|2032|507
6045781142106326|04|2025|795
6045781142240471|08|2024|573
6045781142480218|09|2028|098
6045781142542371|07|2025|808
6045781142235216|01|2027|396
6045781142160000|08|2030|297
6045781142306645|04|2029|693
6045781142836435|01|2025|213
6045781142854248|01|2025|143
6045781142723351|09|2024|284
6045781142117588|07|2027|294
6045781142832046|05|2031|437
6045781142428571|12|2027|678
6045781142477651|02|2030|285
6045781142548220|08|2024|682
6045781142713204|05|2028|090
6045781142150001|03|2028|409
6045781142516367|04|2024|163
6045781142886273|01|2026|426
6045781142886208|09|2024|691
6045781142174605|02|2030|286
6045781142121762|01|2024|679
6045781142277655|12|2027|275
6045781142436533|06|2027|885
6045781142527174|03|2025|165
6045781142726800|10|2027|697
6045781142201614|10|2027|173
6045781142763647|05|2024|286
6045781142051688|09|2032|130
6045781142845550|06|2025|376
6045781142427888|07|2024|181
6045781142530343|08|2027|372
6045781142602100|03|2027|142
6045781142834182|11|2026|120
6045781142538056|04|2030|303
6045781142584134|12|2025|113
6045781142562585|10|2030|826
6045781142135754|03|2029|853
6045781142153484|08|2026|197
6045781142180701|08|2026|310
6045781142326528|11|2024|521
6045781142667301|05|2024|177
6045781142734622|06|2028|463
6045781142213247|01|2028|741
6045781142088185|09|2025|006
6045781142220838|05|2026|609
6045781142263887|09|2025|124
6045781142467546|08|2029|449
6045781142078863|04|2029|493
6045781142867885|08|2031|004
6045781142110344|05|2031|851
6045781142616571|02|2032|367
6045781142758522|07|2024|909
6045781142671865|06|2029|447
6045781142508604|02|2032|604
6045781142162261|02|2026|086
6045781142154623|01|2024|449
6045781142848877|09|2024|359
6045781142321602|12|2031|628
6045781142278513|09|2032|181
6045781142886448|01|2028|528
6045781142674133|01|2025|320
6045781142347367|05|2024|486
6045781142644805|07|2031|973
6045781142653285|04|2032|562
6045781142411817|02|2024|700
6045781142178424|12|2031|178
6045781142570422|08|2031|764
6045781142554335|07|2032|551
6045781142301042|12|2028|274
6045781142418341|12|2024|353
6045781142755254|06|2028|105
6045781142246437|06|2028|771
6045781142612562|11|2031|084
6045781142427631|12|2025|751
6045781142635456|05|2032|422
6045781142464055|11|2032|178
6045781142884823|04|2032|465
6045781142420388|02|2030|665
6045781142404853|02|2030|129
6045781142222354|04|2032|746
6045781142535003|09|2026|335
6045781142655132|01|2032|018
6045781142230126|11|2024|991
6045781142583854|04|2025|915
6045781142541415|05|2026|375
6045781142224343|08|2032|817
6045781142723336|02|2026|345
6045781142146272|12|2026|583
6045781142418010|07|2025|954
6045781142128114|09|2030|923
6045781142871077|03|2031|542
6045781142711638|03|2029|030
6045781142258150|12|2024|365
6045781142001246|02|2032|657
6045781142048288|07|2026|276
6045781142682326|10|2030|800
6045781142284404|03|2032|837
6045781142577310|11|2024|862
6045781142368546|07|2031|331
6045781142350502|12|2025|182
6045781142615532|12|2030|963
6045781142826758|02|2028|023
6045781142140754|08|2031|621
6045781142300358|02|2024|620
6045781142222131|03|2032|445
6045781142743771|12|2028|117
6045781142154383|12|2024|284
6045781142232718|08|2029|792
6045781142135218|04|2028|063
6045781142655132|02|2030|728
6045781142747087|07|2026|139
6045781142710747|05|2031|058
6045781142731230|03|2026|892
6045781142373355|01|2025|852
6045781142120624|06|2029|396
6045781142407054|09|2026|008
6045781142582187|04|2030|390
6045781142203636|06|2027|064
6045781142803385|04|2032|282
6045781142828200|01|2024|625
6045781142536050|06|2029|041
6045781142010437|09|2027|423
6045781142635845|06|2032|476
6045781142443133|09|2028|411
6045781142620755|12|2030|699
6045781142041820|05|2031|440
6045781142257046|05|2031|555
6045781142316578|10|2026|572
6045781142130276|12|2030|482
6045781142313773|11|2026|049
6045781142004273|01|2029|919
6045781142686855|09|2031|174
6045781142232502|01|2030|022
6045781142614055|03|2030|376
6045781142222453|07|2026|301
6045781142407336|03|2024|002
6045781142715886|10|2031|687
6045781142318277|02|2032|588
6045781142321008|01|2028|791
6045781142013670|11|2028|141
6045781142848315|04|2026|906
6045781142036465|11|2026|739
6045781142554251|06|2029|679
6045781142701753|02|2028|568
6045781142064244|06|2029|981
6045781142534584|05|2031|059
6045781142875748|10|2026|605
6045781142757581|09|2031|841
6045781142886745|07|2030|882
6045781142022382|02|2024|409
6045781142478485|08|2029|110
6045781142073831|12|2025|363
6045781142881423|10|2027|961
6045781142877850|06|2025|855
6045781142728301|01|2027|738
6045781142871671|01|2030|099
6045781142624823|07|2024|173
6045781142407211|08|2028|838
6045781142261568|12|2025|425
6045781142575728|08|2027|394
6045781142731081|12|2028|879
6045781142885747|12|2031|088
6045781142554350|10|2028|741
6045781142422475|05|2030|656
6045781142586667|04|2032|382
6045781142453736|01|2031|885
6045781142353514|04|2030|513
6045781142175750|07|2028|401
6045781142385847|03|2031|515
6045781142620888|06|2030|858
6045781142337228|10|2032|857
6045781142547057|11|2026|204
6045781142136356|02|2029|726
6045781142277416|12|2030|715
6045781142461507|11|2031|317
6045781142527471|04|2027|271
6045781142043487|01|2025|761
6045781142830628|02|2029|510
6045781142607265|12|2025|584
6045781142607422|12|2026|585
6045781142538767|12|2032|012
6045781142477750|01|2029|541
6045781142007623|03|2024|640
6045781142713758|07|2024|367
6045781142653418|06|2029|414
6045781142848836|09|2029|725
6045781142835221|03|2026|963
6045781142748044|05|2026|191
6045781142355568|07|2028|760
6045781142101434|08|2026|181
6045781142351427|03|2031|529
6045781142312684|04|2027|611
6045781142544427|06|2025|578
6045781142360584|12|2025|460
6045781142750446|08|2028|105
6045781142848364|11|2032|821
6045781142467553|12|2025|210
6045781142654770|11|2030|565
6045781142072205|11|2028|831
6045781142828416|09|2032|636
6045781142608768|09|2024|114
6045781142716322|03|2031|721
6045781142877124|07|2029|838
6045781142706224|08|2024|583
6045781142837664|03|2028|825
6045781142874022|03|2029|086
6045781142255065|05|2028|343
6045781142856003|01|2027|647
6045781142606523|11|2025|896
6045781142730877|03|2029|396
6045781142843837|04|2026|971
6045781142552008|09|2032|804
6045781142147023|11|2030|187
6045781142434256|04|2024|356
6045781142687150|12|2029|074
6045781142636587|10|2031|383
6045781142600773|03|2027|562
6045781142075851|06|2024|203
6045781142333557|11|2027|387
6045781142650851|04|2032|894
6045781142447431|04|2025|049
6045781142752384|05|2025|132
6045781142413854|09|2027|630
6045781142868008|05|2028|261
6045781142848661|01|2025|084
6045781142741841|06|2025|438
6045781142708733|12|2026|743
6045781142068575|11|2028|919
6045781142065761|12|2024|151
6045781142884054|01|2025|969
6045781142105427|04|2028|667
6045781142880037|09|2024|306
6045781142066447|01|2026|826
6045781142086734|10|2024|029
6045781142813475|02|2031|964
6045781142531853|03|2031|177
6045781142174506|02|2027|750
6045781142428167|06|2030|515
6045781142814135|03|2028|468
6045781142628683|10|2026|972
6045781142356608|09|2026|469
6045781142085710|10|2030|797
6045781142585701|02|2024|822
6045781142821775|08|2032|350
6045781142718070|01|2024|920
6045781142816346|10|2024|677
6045781142331270|01|2028|818
6045781142171072|03|2031|344
6045781142433233|03|2031|139
6045781142346278|07|2029|413
6045781142707727|07|2024|187
6045781142854727|02|2029|209
6045781142230324|09|2027|743
6045781142522118|11|2030|546
6045781142118123|01|2025|782
6045781142786333|10|2031|588
6045781142578300|07|2025|555
6045781142865087|09|2031|193
6045781142483071|10|2025|475
6045781142458370|02|2032|079
6045781142213635|07|2032|866
6045781142156800|06|2029|041
6045781142854826|01|2026|862
6045781142748101|03|2031|181
6045781142862027|04|2030|607
6045781142843746|05|2026|003
6045781142285880|05|2030|282
6045781142651081|12|2030|876
6045781142034387|03|2030|672
6045781142382562|10|2024|590
6045781142380723|10|2027|685
6045781142152718|02|2025|341
6045781142487858|05|2032|291
6045781142730430|02|2028|221
6045781142152684|04|2027|681
6045781142024313|10|2027|291
6045781142357267|07|2029|779
6045781142540235|01|2030|917
6045781142017010|03|2025|140
6045781142144228|08|2024|108
6045781142375004|08|2032|896
6045781142057545|09|2030|455
6045781142266427|11|2025|562
6045781142564102|10|2026|272
6045781142637080|11|2032|128
6045781142572204|03|2026|270
6045781142314417|02|2028|168
6045781142662377|05|2028|065
6045781142700300|04|2030|119
6045781142473163|09|2028|731
6045781142383842|06|2028|006
6045781142434512|02|2024|538
6045781142710804|08|2029|000
6045781142087286|06|2032|369
6045781142253672|08|2026|517
6045781142835015|12|2028|657
6045781142047603|04|2024|624
6045781142347078|02|2031|640
6045781142460434|03|2024|646
6045781142336634|08|2030|203
6045781142277838|11|2031|398
6045781142876621|02|2029|009
6045781142672145|02|2032|955
6045781142255776|01|2030|000
6045781142534154|06|2025|043
6045781142257814|08|2030|585
6045781142661163|05|2024|271
6045781142273613|07|2025|536
6045781142450237|01|2026|926
6045781142640704|01|2030|905
6045781142636801|11|2028|067
6045781142811560|03|2031|799
6045781142628816|01|2024|375
6045781142526085|04|2026|121
6045781142077410|10|2028|659
6045781142848570|04|2025|220
6045781142047504|03|2029|684
6045781142584233|05|2029|437
6045781142748051|02|2027|076
6045781142773703|08|2026|942
6045781142041721|12|2025|919
6045781142476380|01|2029|463
6045781142388122|05|2024|223
6045781142640076|03|2024|602
6045781142318178|12|2032|551
6045781142468130|11|2024|665
6045781142677482|01|2029|531
